0,446
0,445
0,444
0,443
0,442
0,441
0,440
0,439
0,438
0,437
0,436
0,435
0,434
0,433
0,432
0,431
0,430
0,429
0,428
0,427
0,426
0,425
0,424
0,423
0,422
0,421
33,4
33,3
33,2
0,420
33,1
33,0
0,419
0,418
32,3
32,2
0,417
32,1
32,0
0,416
0,415
0,414
0,413
31,5
0,412
0,411
0,410
0,409
31,4
0,408
0,407
0,406
0,405
0,404
0,403
0,402
0,401
31,3
31,2
0,400
31,1
31,0
0,399
0,398
30,3
30,2
0,397
30,1
30,0
0,396
0,395
0,394
0,393
29,5
0,392
29,4
29,3
29,2
29,1
29,0
0,391
0,390
28,4
28,3
28,2
28,1
28,0
0,389
0,388
0,278
0,387
0,386
0,385
27,4
27,3
27,2
27,1
27,0
0,384
0,319
0,318
26,4
26,3
26,2
26,1
26,0
0,317
0,316
25,4
25,3
25,2
0,283
25,1
25,0
24,3
24,2
0,9
24,1
24,0
3,2
10,132
10,14
10,116
10,2
10,3
11,6
11,5
11,4
11,16
11,2
11,3
9,4
9,6
9,2
9,3
8,4
8,11
8,8
8,9
